0.0 
0.0 
0.0 
0.0 
0.0 
0.0 
0.0 
0.0 
0.0 
0.0 
0.0 
0.0 
0.0 
0.0 
0.0 
0.0 
0.0 
0.0 
0.0 
0.0 
0.0 
0.0 
0.0 
0.0 
0.0 
0.0 
0.0 
0.0 
0.0 
0.0 
0.0 
0.0 
0.0 
0.0 
0.0 
0.0 
0.0 
0.0 
0.0 
0.0 
0.0 
0.0 
0.0 
0.0 
0.0 
0.0 
0.0 
0.0 
0.0 
0.0 
0.0 
0.0 
0.0 
0.0 
0.0 
0.0 
0.0 
0.0 
0.0 
0.0 
0.0 
0.0 
0.0 
0.0 
0.0 
0.0 
0.0 
0.0 
0.0 
0.0 
0.0 
0.0 
0.0 
0.0 
0.0 
0.0 
0.0 
0.0 
0.0 
0.0 
0.0 
0.0 
0.0 
0.0 
0.0 
0.0 
0.0 
0.0 
0.0 
0.0 
0.0 
0.0 
0.0 
0.0 
0.0 
0.0 
0.0 
0.0 
0.0 
0.0 
0.0 
0.0 
0.0 
0.0 
0.0 
0.0 
0.0 
0.0 
0.0 
0.0 
0.0 
0.0 
0.0 
0.0 
0.0 
0.0 
0.0 
0.0 
0.0 
0.0 
0.0 
0.0 
0.0 
0.0 
0.0 
0.0 
0.0 
0.0 
0.0 
0.0 
0.0 
0.0 
0.0 
0.0 
0.0 
0.0 
0.0 
0.0 
0.0 
0.0 
0.0 
0.0 
0.0 
0.0 
0.0 
0.0 
0.0 
0.0 
0.0 
0.0 
0.0 
0.0 
0.0 
0.0 
0.0 
0.0 
0.0 
0.0 
0.0 
0.0 
0.0 
0.0 
0.0 
0.0 
0.0 
0.0 
0.0 
0.0 
0.0 
0.0 
0.0 
0.0 
0.0 
0.0 
0.0 
0.0 
0.0 
0.0 
0.0 
0.0 
0.0 
0.0 
0.0 
0.0 
0.0 
0.0 
0.0 
0.0 
0.0 
0.0 
0.0 
0.0 
0.0 
0.0 
0.0 
0.0 
0.0 
0.0 
0.0 
0.0 
0.0 
0.0 
0.0 
0.0 
0.0 
0.0 
0.0 
0.0 
0.0 
0.0 
0.0 
0.0 
0.0 
0.0 
0.0 
0.0 
0.0 
0.0 
0.0 
0.0 
0.0 
0.0 
0.0 
0.0 
0.0 
0.0 
0.0 
0.0 
0.0 
0.0 
0.0 
0.0 
0.0 
0.0 
0.0 
0.0 
0.0 
0.0 
0.0 
0.0 
0.0 
0.0 
0.0 
0.0 
0.0 
0.0 
0.0 
0.0 
0.0 
0.0 
0.0 
0.0 
0.0 
0.0 
0.0 
0.0 
0.0 
0.0 
0.0 
0.0 
0.0 
0.0 
0.0 
0.0 
0.0 
0.0 
0.0 
0.0 
0.0 
0.0 
0.0 
0.0 
0.0 
0.0 
0.0 
0.0 
0.0 
0.0 
0.0 
0.0 
0.0 
0.0 
0.0 
0.0 
0.0 
0.0 
0.0 
0.0 
0.0 
0.0 
0.0 
0.0 
0.0 
0.0 
0.0 
0.0 
0.0 
0.0 
0.0 
0.0 
0.0 
0.0 
0.0 
0.0 
0.0 
0.0 
0.0 
0.0 
0.0 
0.0 
0.0 
0.0 
0.0 
0.0 
0.0 
0.0 
0.0 
0.0 
0.0 
0.0 
0.0 
0.0 
0.0 
0.0 
0.0 
0.0 
0.0 
0.0 
0.0 
0.0 
0.0 
0.0 
0.0 
0.0 
0.0 
0.0 
0.0 
0.0 
0.0 
0.0 
0.0 
0.0 
0.0 
0.0 
0.0 
0.0 
0.0 
0.0 
0.0 
0.0 
0.0 
0.0 
0.0 
0.0 
0.0 
0.0 
0.0 
0.0 
0.0 
0.0 
0.0 
0.0 
0.0 
0.0 
0.0 
0.0 
0.0 
0.0 
0.0 
0.0 
0.0 
0.0 
0.0 
0.0 
0.0 
0.0 
0.0 
0.0 
0.0 
0.0 
0.0 
0.0 
0.0 
0.0 
0.0 
0.0 
0.0 
0.0 
0.0 
0.0 
0.0 
0.0 
0.0 
0.0 
0.0 
0.0 
0.0 
0.0 
0.0 
0.0 
0.0 
0.0 
0.0 
0.0 
0.0 
0.0 
0.0 
0.0 
0.0 
0.0 
0.0 
0.0 
0.0 
0.0 
0.0 
0.0 
0.0 
0.0 
0.0 
0.0 
0.0 
0.0 
0.0 
0.0 
0.0 
0.0 
0.0 
0.0 
0.0 
0.0 
0.0 
0.0 
0.0 
0.0 
0.0 
0.0 
0.0 
0.0 
0.0 
0.0 
0.0 
-1.86255862536 
-0.896214054843 
0.495327853602 
-0.942145141026 
-0.113325743429 
0.107048887387 
0.633147114086 
0.0483371678757 
-1.24489796213 
-0.303040451696 
-1.01664367759 
-1.44152431567 
0.343390542051 
0.109863124442 
1.24046658971 
0.572372364381 
0.911246686433 
-0.473610073595 
-0.498538720667 
0.0962876243883 
-0.82801723336 
0.530433072865 
1.84023924196 
-0.134434988823 
1.43913813438 
-1.96014198417 
-0.0450428099817 
-1.37144902351 
1.57991511972 
-0.0546391361147 
-0.296574079962 
-0.205896665073 
-1.10965804087 
0.861440817621 
-0.110605865625 
0.809080463586 
0.0491873936241 
-0.552636969774 
2.64315973094 
-0.306126911826 
-0.0549203207908 
-0.394769592263 
-0.28915878938 
0.237679558072 
-0.87528044773 
-0.281297519264 
-0.461883922463 
-0.928576035312 
-0.333889357541 
2.33376130958 
-1.40077061405 
0.798519053918 
0.0189937337097 
-0.936190850724 
1.25800995778 
0.0733882529492 
-0.143441948487 
-0.362622626028 
0.147317136985 
1.12059292828 
-0.37867467499 
0.122995301431 
0.575181585226 
-0.697245413254 
-0.58509083632 
0.913519857018 
0.947885768626 
0.913092129825 
1.37451779164 
-0.549794037612 
-0.0701117997689 
-0.217853085507 
0.270266736898 
-0.268660233673 
1.52891838047 
2.20871916432 
-1.15463655846 
1.64747810013 
1.54102831782 
3.1542416059 
1.48864639994 
0.092106339219 
0.104675092212 
-0.518607898868 
-1.27108171555 
0.991668690776 
-1.01234402433 
-1.00944616798 
-0.0347136859292 
-1.3399527316 
0.16583307053 
0.895454063519 
-0.248867052553 
-0.700193032432 
-0.614415462767 
-1.66365916665 
-0.597900867225 
0.386437246859 
-0.160500824538 
1.17097322376 
-0.422087658588 
-0.996100530213 
-1.15742232772 
-0.453013988335 
-0.989634123066 
1.65604697331 
-1.00072035239 
0.428555829054 
-0.394241630101 
1.10885521693 
0.0500395234806 
-0.414625521623 
-1.54267318547 
-0.181354371663 
-1.46023796768 
0.0767122504575 
-1.59959331503 
-0.309631753025 
-0.912871061753 
0.545662127725 
-0.10123280964 
-0.682120283066 
0.0457162010163 
-1.33103769376 
0.20755582676 
-0.524148330069 
0.504011956246 
1.83880988117 
1.10567890975 
-0.0910129706205 
-0.860690545026 
1.08353645676 
0.0581409826271 
-1.75042553333 
-1.07816973742 
2.17113939447 
-1.18757901421 
-0.187852660706 
0.514533820361 
1.39412456645 
1.16452579237 
1.30794226188 
3.0529299077 
-0.900413638062 
-0.705299399733 
0.677587404096 
-1.03933668652 
-1.13424721205 
-0.267408531414 
0.391292245335 
-0.0841673491302 
2.0657270408 
-0.999166900694 
-0.193368489316 
0.518992144802 
-0.689383935436 
0.448404880013 
0.206832580349 
0.00831139960418 
0.161925830386 
1.12741191201 
0.720724122936 
0.448717140866 
0.0709011333966 
-0.338819625838 
-0.883834679058 
1.65068766515 
-1.33892642997 
-0.723584838032 
1.5276542795 
-0.622731619043 
1.02018290838 
-0.0829017106757 
-1.06658294778 
0.606694248588 
-0.216947468789 
0.647093332983 
-0.548919560186 
-1.34599930645 
1.90494574559 
0.524971591955 
-1.08652769258 
1.82463785472 
-1.42380032035 
-0.44884354856 
0.578374272383 
0.187959640673 
-0.426753845191 
-1.67078073607 
-1.47161163313 
-0.644785756846 
-0.0569296521404 
-0.32869542839 
0.871134007908 
-0.123561079273 
-1.40575338244 
-0.200893543522 
-1.29877035586 
1.22183132412 
-0.385821328402 
-0.300517441916 
0.108486642003 
-0.208517808117 
-0.208327081764 
-0.0854065324035 
1.0920439724 
2.81863207559 
1.05278877932 
-0.349330545177 
-2.70210748801 
0.691947221013 
1.11274035976 
2.17355452641 
-0.418261628953 
1.45550491138 
0.320360887753 
-0.570621773782 
-0.506650077083 
-0.343538196923 
-0.861337962667 
1.59950285545 
-1.06099559556 
0.638178946195 
-0.325881338466 
0.586136401607 
0.398543960461 
-1.22364156353 
0.779807074408 
-0.0786328343905 
0.284573424232 
0.638978527646 
0.442271109438 
-0.627157265657 
-1.2149795333 
0.14950746531 
-2.41767888964 
-0.280087631844 
0.3642273787 
0.246527099587 
-0.315263744417 
-0.422384285066 
0.547323310468 
-0.813982283817 
0.901661982779 
0.512620571082 
-0.732439752043 
0.562389085805 
-1.62234003628 
0.225145470679 
-0.573694446895 
-0.303876331749 
-0.820646635253 
-0.420465505425 
0.170491032934 
-0.371684227992 
0.0440980937959 
-0.263143954104 
0.715946086333 
1.15622260289 
0.0414386837942 
0.907890946628 
-0.159076203235 
-0.514815600222 
-0.509314276803 
-0.886838459295 
0.764640680163 
0.944444338169 
-0.971857050637 
0.647387599539 
2.02516752862 
0.944761656417 
1.23069049809 
1.14668836003 
-1.84565240729 
0.446813887659 
0.0877294434724 
-0.0627437862139 
-0.377311276888 
-0.214102128551 
0.539530142628 
-0.722672938444 
1.18367344325 
-0.249624835539 
0.562069425072 
-0.71898312447 
0.286012795681 
0.457153568374 
-1.03941947507 
0.67051017158 
-0.930550511472 
0.528375911647 
-0.844804051715 
-0.437457516908 
1.04610040556 
1.07394717661 
-0.401124712855 
-0.318292308091 
-0.260546547415 
0.562290286883 
2.19457982444 
-0.316342428915 
0.648731135878 
0.990867267166 
0.768946538039 
-0.890635386547 
-2.01773691448 
-1.75392458039 
1.29426165427 
-1.58004302857 
0.414974335881 
1.12560784238 
-0.941560551309 
0.371107182708 
-1.4560410551 
0.357303515725 
0.72906542344 
0.359620823111 
-0.930484961831 
0.113825789779 
-0.212597377165 
-0.598328318509 
0.152918274064 
0.63116676639 
-0.102096904819 
0.106263854891 
0.828445691906 
-0.378125367797 
-0.37875226588 
0.795487776217 
0.930723009906 
1.58493331938 
2.34796590282 
-0.0110444514531 
0.346873978839 
-1.06534309484 
-0.706296974111 
1.2113495469 
-0.617436727403 
-1.17503992449 
1.00294291803 
0.696951338548 
-0.433104641418 
-1.67983614507 
-2.22672073206 
0.505884225278 
-0.428244518066 
0.356384573031 
-1.09106506257 
-0.879070877916 
1.13884796412 
-0.10518569574 
0.253507543682 
0.319757953172 
-0.611004369149 
0.427974099773 
0.34536369143 
0.0430199853769 
-0.317276548654 
-2.85522775095 
0.262828546802 
-1.2737443737 
0.303865223078 
-0.74355627053 
-2.18176490421 
0.968552732112 
-0.720287213762 
0.000721131534835 
-0.297893682844 
-1.57780054147 
-0.538878153578 
-0.704664910713 
0.97553952108 
1.38207769115 
1.44917039742 
-0.952805680494 
1.13155613965 
-0.115339935655 
0.620952358028 
0.514595526729 
-1.42852612426 
0.759747794346 
0.51391357225 
0.124051440937 
-0.224974415531 
-1.32286260301 
1.33287665733 
-0.562137441117 
-0.184311103194 
0.349284162064 
-1.28092777293 
-0.0631728564628 
0.14852763325 
-0.21911479608 
0.891278976701 
-0.909201087911 
0.117036076791 
-0.395969534015 
1.41351080363 
-0.103227264396 
-0.950129755271 
0.312109282375 
-1.27019338166 
-0.0540939418226 
-0.397675000496 
1.49408956259 
2.46926411949 
-0.383748732351 
-0.922824567836 
0.801492816604 
-0.187558653236 
-0.911738184492 
-1.26673084814 
0.360986972032 
1.02956134034 
-1.49035174859 
-2.06012955981 
-0.489554083757 
0.909927153864 
-0.375701753038 
-0.434192659203 
-0.307662564929 
0.280388764115 
2.69558862516 
-1.99957275309 
-0.643102170689 
-0.254391260856 
1.16375660093 
0.0724544590078 
0.0631577322587 
0.252550349642 
-1.71869170206 
-0.617561245602 
2.59644142298 
-0.494116537179 
-1.34304133092 
-0.675826508839 
-2.2923053152 
-2.59003120153 
0.192335501905 
0.816988408316 
-1.37096945211 
-1.86255862536 
0.530433072865 
-0.28915878938 
-0.697245413254 
-1.27108171555 
1.65604697331 
0.504011956246 
-1.13424721205 
-0.723584838032 
-1.47161163313 
0.691947221013 
0.442271109438 
-0.420465505425 
-1.84565240729 
1.07394717661 
0.72906542344 
1.2113495469 
-0.317276548654 
0.514595526729 
-0.950129755271 
-0.307662564929 
-0.896214054843 
1.84023924196 
0.237679558072 
-0.58509083632 
0.991668690776 
-1.00072035239 
1.83880988117 
-0.267408531414 
1.5276542795 
-0.644785756846 
1.11274035976 
-0.627157265657 
0.170491032934 
0.446813887659 
-0.401124712855 
0.359620823111 
-0.617436727403 
-2.85522775095 
-1.42852612426 
0.312109282375 
0.280388764115 
0.495327853602 
-0.134434988823 
-0.87528044773 
0.913519857018 
-1.01234402433 
0.428555829054 
1.10567890975 
0.391292245335 
-0.622731619043 
-0.0569296521404 
2.17355452641 
-1.2149795333 
-0.371684227992 
0.0877294434724 
-0.318292308091 
-0.930484961831 
-1.17503992449 
0.262828546802 
0.759747794346 
-1.27019338166 
2.69558862516 
-0.942145141026 
1.43913813438 
-0.281297519264 
0.947885768626 
-1.00944616798 
-0.394241630101 
-0.0910129706205 
-0.0841673491302 
1.02018290838 
-0.32869542839 
-0.418261628953 
0.14950746531 
0.0440980937959 
-0.0627437862139 
-0.260546547415 
0.113825789779 
1.00294291803 
-1.2737443737 
0.51391357225 
-0.0540939418226 
-1.99957275309 
-0.113325743429 
-1.96014198417 
-0.461883922463 
0.913092129825 
-0.0347136859292 
1.10885521693 
-0.860690545026 
2.0657270408 
-0.0829017106757 
0.871134007908 
1.45550491138 
-2.41767888964 
-0.263143954104 
-0.377311276888 
0.562290286883 
-0.212597377165 
0.696951338548 
0.303865223078 
0.124051440937 
-0.397675000496 
-0.643102170689 
0.107048887387 
-0.0450428099817 
-0.928576035312 
1.37451779164 
-1.3399527316 
0.0500395234806 
1.08353645676 
-0.999166900694 
-1.06658294778 
-0.123561079273 
0.320360887753 
-0.280087631844 
0.715946086333 
-0.214102128551 
2.19457982444 
-0.598328318509 
-0.433104641418 
-0.74355627053 
-0.224974415531 
1.49408956259 
-0.254391260856 
0.633147114086 
-1.37144902351 
-0.333889357541 
-0.549794037612 
0.16583307053 
-0.414625521623 
0.0581409826271 
-0.193368489316 
0.606694248588 
-1.40575338244 
-0.570621773782 
0.3642273787 
1.15622260289 
0.539530142628 
-0.316342428915 
0.152918274064 
-1.67983614507 
-2.18176490421 
-1.32286260301 
2.46926411949 
1.16375660093 
0.0483371678757 
1.57991511972 
2.33376130958 
-0.0701117997689 
0.895454063519 
-1.54267318547 
-1.75042553333 
0.518992144802 
-0.216947468789 
-0.200893543522 
-0.506650077083 
0.246527099587 
0.0414386837942 
-0.722672938444 
0.648731135878 
0.63116676639 
-2.22672073206 
0.968552732112 
1.33287665733 
-0.383748732351 
0.0724544590078 
-1.24489796213 
-0.0546391361147 
-1.40077061405 
-0.217853085507 
-0.248867052553 
-0.181354371663 
-1.07816973742 
-0.689383935436 
0.647093332983 
-1.29877035586 
-0.343538196923 
-0.315263744417 
0.907890946628 
1.18367344325 
0.990867267166 
-0.102096904819 
0.505884225278 
-0.720287213762 
-0.562137441117 
-0.922824567836 
0.0631577322587 
-0.303040451696 
-0.296574079962 
0.798519053918 
0.270266736898 
-0.700193032432 
-1.46023796768 
2.17113939447 
0.448404880013 
-0.548919560186 
1.22183132412 
-0.861337962667 
-0.422384285066 
-0.159076203235 
-0.249624835539 
0.768946538039 
0.106263854891 
-0.428244518066 
0.000721131534835 
-0.184311103194 
0.801492816604 
0.252550349642 
-1.01664367759 
-0.205896665073 
0.0189937337097 
-0.268660233673 
-0.614415462767 
0.0767122504575 
-1.18757901421 
0.206832580349 
-1.34599930645 
-0.385821328402 
1.59950285545 
0.547323310468 
-0.514815600222 
0.562069425072 
-0.890635386547 
0.828445691906 
0.356384573031 
-0.297893682844 
0.349284162064 
-0.187558653236 
-1.71869170206 
-1.44152431567 
-1.10965804087 
-0.936190850724 
1.52891838047 
-1.66365916665 
-1.59959331503 
-0.187852660706 
0.00831139960418 
1.90494574559 
-0.300517441916 
-1.06099559556 
-0.813982283817 
-0.509314276803 
-0.71898312447 
-2.01773691448 
-0.378125367797 
-1.09106506257 
-1.57780054147 
-1.28092777293 
-0.911738184492 
-0.617561245602 
0.343390542051 
0.861440817621 
1.25800995778 
2.20871916432 
-0.597900867225 
-0.309631753025 
0.514533820361 
0.161925830386 
0.524971591955 
0.108486642003 
0.638178946195 
0.901661982779 
-0.886838459295 
0.286012795681 
-1.75392458039 
-0.37875226588 
-0.879070877916 
-0.538878153578 
-0.0631728564628 
-1.26673084814 
2.59644142298 
0.109863124442 
-0.110605865625 
0.0733882529492 
-1.15463655846 
0.386437246859 
-0.912871061753 
1.39412456645 
1.12741191201 
-1.08652769258 
-0.208517808117 
-0.325881338466 
0.512620571082 
0.764640680163 
0.457153568374 
1.29426165427 
0.795487776217 
1.13884796412 
-0.704664910713 
0.14852763325 
0.360986972032 
-0.494116537179 
1.24046658971 
0.809080463586 
-0.143441948487 
1.64747810013 
-0.160500824538 
0.545662127725 
1.16452579237 
0.720724122936 
1.82463785472 
-0.208327081764 
0.586136401607 
-0.732439752043 
0.944444338169 
-1.03941947507 
-1.58004302857 
0.930723009906 
-0.10518569574 
0.97553952108 
-0.21911479608 
1.02956134034 
-1.34304133092 
0.572372364381 
0.0491873936241 
-0.362622626028 
1.54102831782 
1.17097322376 
-0.10123280964 
1.30794226188 
0.448717140866 
-1.42380032035 
-0.0854065324035 
0.398543960461 
0.562389085805 
-0.971857050637 
0.67051017158 
0.414974335881 
1.58493331938 
0.253507543682 
1.38207769115 
0.891278976701 
-1.49035174859 
-0.675826508839 
0.911246686433 
-0.552636969774 
0.147317136985 
3.1542416059 
-0.422087658588 
-0.682120283066 
3.0529299077 
0.0709011333966 
-0.44884354856 
1.0920439724 
-1.22364156353 
-1.62234003628 
0.647387599539 
-0.930550511472 
1.12560784238 
2.34796590282 
0.319757953172 
1.44917039742 
-0.909201087911 
-2.06012955981 
-2.2923053152 
-0.473610073595 
2.64315973094 
1.12059292828 
1.48864639994 
-0.996100530213 
0.0457162010163 
-0.900413638062 
-0.338819625838 
0.578374272383 
2.81863207559 
0.779807074408 
0.225145470679 
2.02516752862 
0.528375911647 
-0.941560551309 
-0.0110444514531 
-0.611004369149 
-0.952805680494 
0.117036076791 
-0.489554083757 
-2.59003120153 
-0.498538720667 
-0.306126911826 
-0.37867467499 
0.092106339219 
-1.15742232772 
-1.33103769376 
-0.705299399733 
-0.883834679058 
0.187959640673 
1.05278877932 
-0.0786328343905 
-0.573694446895 
0.944761656417 
-0.844804051715 
0.371107182708 
0.346873978839 
0.427974099773 
1.13155613965 
-0.395969534015 
0.909927153864 
0.192335501905 
0.0962876243883 
-0.0549203207908 
0.122995301431 
0.104675092212 
-0.453013988335 
0.20755582676 
0.677587404096 
1.65068766515 
-0.426753845191 
-0.349330545177 
0.284573424232 
-0.303876331749 
1.23069049809 
-0.437457516908 
-1.4560410551 
-1.06534309484 
0.34536369143 
-0.115339935655 
1.41351080363 
-0.375701753038 
0.816988408316 
-0.82801723336 
-0.394769592263 
0.575181585226 
-0.518607898868 
-0.989634123066 
-0.524148330069 
-1.03933668652 
-1.33892642997 
-1.67078073607 
-2.70210748801 
0.638978527646 
-0.820646635253 
1.14668836003 
1.04610040556 
0.357303515725 
-0.706296974111 
0.0430199853769 
0.620952358028 
-0.103227264396 
-0.434192659203 
-1.37096945211 
0.0 
0.0 
0.0 
0.0 
0.0 
0.0 
0.0 
0.0 
0.0 
0.0 
0.0 
0.0 
0.0 
0.0 
0.0 
0.0 
0.0 
0.0 
0.0 
0.0 
0.0 
0.0 
0.0 
0.0 
0.0 
0.0 
0.0 
0.0 
0.0 
0.0 
0.0 
0.0 
0.0 
0.0 
0.0 
0.0 
0.0 
0.0 
0.0 
0.0 
0.0 
0.0 
0.0 
0.0 
0.0 
0.0 
0.0 
0.0 
0.0 
0.0 
0.0 
0.0 
0.0 
0.0 
0.0 
0.0 
0.0 
0.0 
0.0 
0.0 
0.0 
0.0 
0.0 
0.0 
0.0 
0.0 
0.0 
0.0 
0.0 
0.0 
0.0 
0.0 
0.0 
0.0 
0.0 
0.0 
0.0 
0.0 
0.0 
0.0 
0.0 
0.0 
0.0 
0.0 
0.0 
0.0 
0.0 
0.0 
0.0 
0.0 
0.0 
0.0 
0.0 
0.0 
0.0 
0.0 
0.0 
0.0 
0.0 
0.0 
0.0 
0.0 
0.0 
0.0 
0.0 
0.0 
0.0 
0.0 
0.0 
0.0 
0.0 
0.0 
0.0 
0.0 
0.0 
0.0 
0.0 
0.0 
0.0 
0.0 
0.0 
0.0 
0.0 
0.0 
0.0 
0.0 
0.0 
0.0 
0.0 
0.0 
0.0 
0.0 
0.0 
0.0 
0.0 
0.0 
0.0 
0.0 
0.0 
0.0 
0.0 
0.0 
0.0 
0.0 
0.0 
0.0 
0.0 
0.0 
0.0 
0.0 
0.0 
0.0 
0.0 
0.0 
0.0 
0.0 
0.0 
0.0 
0.0 
0.0 
0.0 
0.0 
0.0 
0.0 
0.0 
0.0 
0.0 
0.0 
0.0 
0.0 
0.0 
0.0 
0.0 
0.0 
0.0 
0.0 
0.0 
0.0 
0.0 
0.0 
0.0 
0.0 
0.0 
0.0 
0.0 
0.0 
0.0 
0.0 
0.0 
0.0 
0.0 
0.0 
0.0 
0.0 
0.0 
0.0 
0.0 
0.0 
0.0 
0.0 
0.0 
0.0 
0.0 
0.0 
0.0 
0.0 
0.0 
0.0 
0.0 
0.0 
0.0 
0.0 
0.0 
0.0 
0.0 
0.0 
0.0 
0.0 
0.0 
0.0 
0.0 
0.0 
0.0 
0.0 
0.0 
0.0 
0.0 
0.0 
0.0 
0.0 
0.0 
0.0 
0.0 
0.0 
0.0 
0.0 
0.0 
0.0 
0.0 
0.0 
0.0 
0.0 
0.0 
0.0 
0.0 
0.0 
0.0 
0.0 
0.0 
0.0 
0.0 
0.0 
0.0 
0.0 
0.0 
0.0 
0.0 
0.0 
0.0 
0.0 
0.0 
0.0 
0.0 
0.0 
0.0 
0.0 
0.0 
0.0 
0.0 
0.0 
0.0 
0.0 
0.0 
0.0 
0.0 
0.0 
0.0 
0.0 
0.0 
0.0 
0.0 
0.0 
0.0 
0.0 
0.0 
0.0 
0.0 
0.0 
0.0 
0.0 
0.0 
0.0 
0.0 
0.0 
0.0 
0.0 
0.0 
0.0 
0.0 
0.0 
0.0 
0.0 
0.0 
0.0 
0.0 
0.0 
0.0 
0.0 
0.0 
0.0 
0.0 
0.0 
0.0 
0.0 
0.0 
0.0 
0.0 
0.0 
0.0 
0.0 
0.0 
0.0 
0.0 
0.0 
0.0 
0.0 
0.0 
0.0 
0.0 
0.0 
0.0 
0.0 
0.0 
0.0 
0.0 
0.0 
0.0 
0.0 
0.0 
0.0 
0.0 
0.0 
0.0 
0.0 
0.0 
0.0 
0.0 
0.0 
0.0 
0.0 
0.0 
0.0 
0.0 
0.0 
0.0 
0.0 
0.0 
0.0 
0.0 
0.0 
0.0 
0.0 
0.0 
0.0 
0.0 
0.0 
0.0 
0.0 
0.0 
0.0 
0.0 
0.0 
0.0 
0.0 
0.0 
0.0 
0.0 
0.0 
0.0 
0.0 
0.0 
0.0 
0.0 
0.0 
0.0 
0.0 
0.0 
0.0 
0.0 
0.0 
0.0 
0.0 
0.0 
0.0 
0.0 
0.0 
0.0 
0.0 
0.0 
0.0 
0.0 
0.0 
0.0 
0.0 
0.0 
0.0 
0.0 
0.0 
0.0 
0.0 
0.0 
0.0 
0.0 
0.0 
0.0 
0.0 
0.0 
0.0 
0.0 
0.0 
0.0 
0.0 
0.0 
0.0 
0.0 
0.0 
0.0 
0.0 
0.0 
0.0 
0.0 
0.0 
0.0 
0.0 
0.0 
0.0 
0.0 
0.0 
0.0 
0.0 
0.0 
