0.0 
0.0 
0.0 
0.0 
0.0 
0.0 
0.0 
0.0 
0.0 
0.0 
0.0 
0.0 
0.0 
0.0 
0.0 
0.0 
0.0 
0.0 
0.0 
0.0 
0.0 
0.0 
0.0 
0.0 
0.0 
0.0 
0.0 
0.0 
0.0 
0.0 
0.0 
0.0 
0.0 
0.0 
0.0 
0.0 
0.0 
0.0 
0.0 
0.0 
0.0 
0.0 
0.0 
0.0 
0.0 
0.0 
0.0 
0.0 
0.0 
0.0 
0.0 
0.0 
0.0 
0.0 
0.0 
0.0 
0.0 
0.0 
0.0 
0.0 
0.0 
0.0 
0.0 
0.0 
0.0 
0.0 
0.0 
0.0 
0.0 
0.0 
0.0 
0.0 
0.0 
0.0 
0.0 
0.0 
0.0 
0.0 
0.0 
0.0 
0.0 
0.0 
0.0 
0.0 
0.0 
0.0 
0.0 
0.0 
0.0 
0.0 
0.0 
0.0 
0.0 
0.0 
0.0 
0.0 
0.0 
0.0 
0.0 
0.0 
0.0 
0.0 
0.0 
0.0 
0.0 
0.0 
0.0 
0.0 
0.0 
0.0 
0.0 
0.0 
0.0 
0.0 
0.0 
0.0 
0.0 
0.0 
0.0 
0.0 
0.0 
0.0 
0.0 
0.0 
0.0 
0.0 
0.0 
0.0 
0.0 
0.0 
0.0 
0.0 
0.0 
0.0 
0.0 
0.0 
0.0 
0.0 
0.0 
0.0 
0.0 
0.0 
0.0 
0.0 
0.0 
0.0 
0.0 
0.0 
0.0 
0.0 
0.0 
0.0 
0.0 
0.0 
0.0 
0.0 
0.0 
0.0 
0.0 
0.0 
0.0 
0.0 
0.0 
0.0 
0.0 
0.0 
0.0 
0.0 
0.0 
0.0 
0.0 
0.0 
0.0 
0.0 
0.0 
0.0 
0.0 
0.0 
0.0 
0.0 
0.0 
0.0 
0.0 
0.0 
0.0 
0.0 
0.0 
0.0 
0.0 
0.0 
0.0 
0.0 
0.0 
0.0 
0.0 
0.0 
0.0 
0.0 
0.0 
0.0 
0.0 
0.0 
0.0 
0.0 
0.0 
0.0 
0.0 
0.0 
0.0 
0.0 
0.0 
0.0 
0.0 
0.0 
0.0 
0.0 
0.0 
0.0 
0.0 
0.0 
0.0 
0.0 
0.0 
0.0 
0.0 
0.0 
0.0 
0.0 
0.0 
0.0 
0.0 
0.0 
0.0 
0.0 
0.0 
0.0 
0.0 
0.0 
0.0 
0.0 
0.0 
0.0 
0.0 
0.0 
0.0 
0.0 
0.0 
0.0 
0.0 
0.0 
0.0 
0.0 
0.0 
0.0 
0.0 
0.0 
0.0 
0.0 
0.0 
0.0 
0.0 
0.0 
0.0 
0.0 
0.0 
0.0 
0.0 
0.0 
0.0 
0.0 
0.0 
0.0 
0.0 
0.0 
0.0 
0.0 
0.0 
0.0 
0.0 
0.0 
0.0 
0.0 
0.0 
0.0 
0.0 
0.0 
0.0 
0.0 
0.0 
0.0 
0.0 
0.0 
0.0 
0.0 
0.0 
0.0 
0.0 
0.0 
0.0 
0.0 
0.0 
0.0 
0.0 
0.0 
0.0 
0.0 
0.0 
0.0 
0.0 
0.0 
0.0 
0.0 
0.0 
0.0 
0.0 
0.0 
0.0 
0.0 
0.0 
0.0 
0.0 
0.0 
0.0 
0.0 
0.0 
0.0 
0.0 
0.0 
0.0 
0.0 
0.0 
0.0 
0.0 
0.0 
0.0 
0.0 
0.0 
0.0 
0.0 
0.0 
0.0 
0.0 
0.0 
0.0 
0.0 
0.0 
0.0 
0.0 
0.0 
0.0 
0.0 
0.0 
0.0 
0.0 
0.0 
0.0 
0.0 
0.0 
0.0 
0.0 
0.0 
0.0 
0.0 
0.0 
0.0 
0.0 
0.0 
0.0 
0.0 
0.0 
0.0 
0.0 
0.0 
0.0 
0.0 
0.0 
0.0 
0.0 
0.0 
0.0 
0.0 
0.0 
0.0 
0.0 
0.0 
0.0 
0.0 
0.0 
0.0 
0.0 
0.0 
0.0 
0.0 
0.0 
0.0 
0.0 
0.0 
0.0 
0.0 
0.0 
0.0 
0.0 
0.0 
0.0 
0.0 
0.0 
0.0 
0.0 
0.0 
0.0 
0.0 
0.0 
0.0 
0.0 
0.0 
0.0 
0.0 
0.0 
0.0 
0.0 
0.0 
0.0 
0.0 
0.0 
0.0 
0.0 
0.0 
0.0 
0.0 
0.0 
0.0 
0.0 
0.0 
0.0 
0.0 
0.0 
0.0 
0.0 
0.0 
0.0 
0.0 
0.727028430332 
0.730510205799 
0.737502887276 
0.736196498405 
0.735242524915 
0.735450749677 
0.736115397416 
0.73608130935 
0.731666586589 
0.734550442531 
0.731314017333 
0.731297427823 
0.731102570371 
0.738156071061 
0.749287845077 
0.742441476249 
0.744605080816 
0.73096917349 
0.731424744646 
0.739222507354 
0.730162232432 
0.737792434365 
0.767798592699 
0.73390026996 
0.757104752485 
0.729124843918 
0.730594993827 
0.729413649758 
0.763090844342 
0.737904307228 
0.734416349522 
0.731667349536 
0.730129482729 
0.744139268483 
0.730094618186 
0.74436031369 
0.734353034015 
0.733216876369 
0.826707005932 
0.731970370231 
0.739675885033 
0.73159339404 
0.73016061219 
0.740451617407 
0.731326096635 
0.730570771454 
0.732397041544 
0.734690281273 
0.728605310551 
0.804920244536 
0.732495894234 
0.745294587109 
0.736516301026 
0.731623428645 
0.755120724616 
0.733164471565 
0.733325523199 
0.73469185808 
0.738201697762 
0.753832509213 
0.73361504326 
0.736302419215 
0.743242881782 
0.735132156108 
0.722859519466 
0.742239658181 
0.744290401745 
0.740776519889 
0.754773413234 
0.735560029158 
0.737993673174 
0.731761409957 
0.73865080333 
0.729109340365 
0.763966868961 
0.789899044101 
0.730407818499 
0.764854856037 
0.762022125013 
0.894672787919 
0.754436562913 
0.741370310666 
0.730695924703 
0.73284042412 
0.729497319247 
0.751418444336 
0.728712012181 
0.733795395553 
0.732825523104 
0.731626882554 
0.735120574617 
0.745290123025 
0.734359717436 
0.732243570762 
0.733492419082 
0.726504770964 
0.73404685476 
0.739490231251 
0.730853903272 
0.752561809869 
0.733727726322 
0.737383959951 
0.72997200125 
0.73425373524 
0.729137143639 
0.763289118969 
0.728209546941 
0.736194760373 
0.734799882464 
0.750733516268 
0.736458484621 
0.731909611086 
0.729150428271 
0.733704025026 
0.730440065999 
0.735683792356 
0.733397574504 
0.731906145708 
0.733028028463 
0.743875421361 
0.735158142207 
0.730180956086 
0.736155433558 
0.731307741887 
0.739557413064 
0.726185973172 
0.737625499325 
0.77323738227 
0.74913920279 
0.73377786552 
0.733242733735 
0.744654482033 
0.736643494542 
0.730271432218 
0.732006137066 
0.790039272428 
0.733289377168 
0.733768823392 
0.741033204831 
0.76043442103 
0.749552216523 
0.7548955518 
0.872350749284 
0.73192003554 
0.726561082369 
0.739417561184 
0.734822154839 
0.733728765772 
0.733614175999 
0.738683964835 
0.736203996631 
0.780209790501 
0.726345001173 
0.727195390369 
0.741993785723 
0.729282709296 
0.740312382875 
0.737372108081 
0.733929828162 
0.734798383847 
0.746882881382 
0.741184910097 
0.742511123921 
0.734285544963 
0.735839667362 
0.729293545708 
0.761473230387 
0.731573958648 
0.726701444326 
0.761203694015 
0.728542816168 
0.747979346824 
0.733131032862 
0.73107558178 
0.739533929365 
0.734451313514 
0.738103633601 
0.73072190249 
0.731027210867 
0.770994850943 
0.736151988426 
0.733098142838 
0.768864166087 
0.727946535214 
0.734334404614 
0.742024274303 
0.732872550039 
0.73086589089 
0.732533096981 
0.727955431867 
0.73019952809 
0.732756708755 
0.734348204115 
0.743179503721 
0.732336403791 
0.731620370753 
0.732944610488 
0.726687161445 
0.748493315799 
0.734635528477 
0.735025697555 
0.733631727618 
0.732942216185 
0.73696727062 
0.731487006529 
0.748314340118 
0.847232596679 
0.748053887136 
0.73471219563 
0.730476504959 
0.744145926999 
0.752282039903 
0.788221302761 
0.73075178278 
0.755629965863 
0.736016709048 
0.733889649452 
0.732642843003 
0.735840891995 
0.730283211491 
0.766013340549 
0.730098944218 
0.739728027621 
0.733690864371 
0.741619173744 
0.738981198482 
0.734043376655 
0.741686932847 
0.73446378378 
0.741902727395 
0.736503600838 
0.740580127119 
0.725319849182 
0.730009049209 
0.735582586198 
0.734951044852 
0.731609505656 
0.736708970321 
0.736720032514 
0.732174702368 
0.730365775371 
0.74287130973 
0.731382523283 
0.749036771473 
0.738985483333 
0.736646650787 
0.740110726218 
0.728312818214 
0.739010406337 
0.730444017138 
0.731948544501 
0.734328382204 
0.738821663511 
0.725668032241 
0.73102791124 
0.73673642111 
0.733638109932 
0.742462965567 
0.748812344825 
0.732761820769 
0.744321378772 
0.729407944628 
0.732769388729 
0.727769960568 
0.732463317288 
0.738540711279 
0.749860006796 
0.73150250556 
0.738434336564 
0.783214047477 
0.747866212546 
0.750258497491 
0.750968620764 
0.730248419517 
0.739938632575 
0.735545294638 
0.732635428139 
0.728956276768 
0.728840397734 
0.738592450098 
0.734125109084 
0.742720456037 
0.731835280778 
0.736225797997 
0.733592900608 
0.734683374017 
0.739717777257 
0.729747651482 
0.744842686855 
0.727902062196 
0.741637113447 
0.733775338421 
0.72977192845 
0.745942478809 
0.751598226492 
0.735251967996 
0.73473894071 
0.733100575016 
0.741434533692 
0.790316524162 
0.730004338674 
0.741598429436 
0.741947128487 
0.737339379961 
0.730771918375 
0.73128815763 
0.731921294556 
0.755080598788 
0.728327527979 
0.740193533532 
0.7509426432 
0.729550325063 
0.73861105371 
0.733191315198 
0.735306571771 
0.746855276072 
0.734500349092 
0.731748397784 
0.73913420628 
0.725513762342 
0.731066786396 
0.731857014083 
0.742404835639 
0.737438779181 
0.735121154801 
0.744637565872 
0.732284356178 
0.732284118074 
0.74150627342 
0.745950617282 
0.761372779191 
0.802945507513 
0.736518705172 
0.740240939836 
0.727923275595 
0.729375800999 
0.751285326627 
0.734371129464 
0.732141255514 
0.747485912141 
0.737022072613 
0.733117750763 
0.728830465973 
0.727786690347 
0.743590816091 
0.73215438178 
0.742579338226 
0.729586840557 
0.729369393879 
0.747950049751 
0.734819733297 
0.738096589097 
0.733195456437 
0.729230986136 
0.739492932507 
0.736085307013 
0.736857241508 
0.724642998294 
0.728109152241 
0.736978895401 
0.730157410024 
0.737704266188 
0.736886189996 
0.726566676503 
0.741713786323 
0.730792310967 
0.739035271364 
0.730823449214 
0.7298409468 
0.731625126673 
0.731946241667 
0.746388240827 
0.751247482801 
0.756756883662 
0.733423677442 
0.749457957995 
0.73465965904 
0.737766475959 
0.742039295754 
0.722716516183 
0.745758614784 
0.73406910037 
0.735992671586 
0.732853358966 
0.729650148213 
0.750821068955 
0.733038189722 
0.731847729167 
0.741018940323 
0.733138554944 
0.727633375156 
0.736341847611 
0.734252709052 
0.742906296593 
0.730804127517 
0.736784670584 
0.728905919638 
0.759917475382 
0.733181374735 
0.729901048452 
0.739633668719 
0.729360230832 
0.733843041652 
0.731886638094 
0.757122694929 
0.811789916846 
0.729835527555 
0.732801496378 
0.74258560003 
0.737479046271 
0.733406002566 
0.730990413328 
0.739766818295 
0.751826690064 
0.72669701697 
0.727467467506 
0.732391252136 
0.749370793105 
0.73891851068 
0.730744108773 
0.733147292584 
0.734206048851 
0.832596342851 
0.731825155424 
0.734749942392 
0.734481387244 
0.748990076521 
0.734491750782 
0.736316303475 
0.738191660675 
0.728009325072 
0.734762636008 
0.823642441547 
0.733959001607 
0.729192743895 
0.727351153518 
0.734557423091 
0.727271950962 
0.737856876654 
0.745939520967 
0.728512983989 
0.727028430332 
0.737792434365 
0.73016061219 
0.735132156108 
0.729497319247 
0.763289118969 
0.737625499325 
0.733728765772 
0.726701444326 
0.727955431867 
0.744145926999 
0.740580127119 
0.738821663511 
0.730248419517 
0.751598226492 
0.746855276072 
0.751285326627 
0.724642998294 
0.742039295754 
0.729901048452 
0.733147292584 
0.730510205799 
0.767798592699 
0.740451617407 
0.722859519466 
0.751418444336 
0.728209546941 
0.77323738227 
0.733614175999 
0.761203694015 
0.73019952809 
0.752282039903 
0.725319849182 
0.725668032241 
0.739938632575 
0.735251967996 
0.734500349092 
0.734371129464 
0.728109152241 
0.722716516183 
0.739633668719 
0.734206048851 
0.737502887276 
0.73390026996 
0.731326096635 
0.742239658181 
0.728712012181 
0.736194760373 
0.74913920279 
0.738683964835 
0.728542816168 
0.732756708755 
0.788221302761 
0.730009049209 
0.73102791124 
0.735545294638 
0.73473894071 
0.731748397784 
0.732141255514 
0.736978895401 
0.745758614784 
0.729360230832 
0.832596342851 
0.736196498405 
0.757104752485 
0.730570771454 
0.744290401745 
0.733795395553 
0.734799882464 
0.73377786552 
0.736203996631 
0.747979346824 
0.734348204115 
0.73075178278 
0.735582586198 
0.73673642111 
0.732635428139 
0.733100575016 
0.73913420628 
0.747485912141 
0.730157410024 
0.73406910037 
0.733843041652 
0.731825155424 
0.735242524915 
0.729124843918 
0.732397041544 
0.740776519889 
0.732825523104 
0.750733516268 
0.733242733735 
0.780209790501 
0.733131032862 
0.743179503721 
0.755629965863 
0.734951044852 
0.733638109932 
0.728956276768 
0.741434533692 
0.725513762342 
0.737022072613 
0.737704266188 
0.735992671586 
0.731886638094 
0.734749942392 
0.735450749677 
0.730594993827 
0.734690281273 
0.754773413234 
0.731626882554 
0.736458484621 
0.744654482033 
0.726345001173 
0.73107558178 
0.732336403791 
0.736016709048 
0.731609505656 
0.742462965567 
0.728840397734 
0.790316524162 
0.731066786396 
0.733117750763 
0.736886189996 
0.732853358966 
0.757122694929 
0.734481387244 
0.736115397416 
0.729413649758 
0.728605310551 
0.735560029158 
0.735120574617 
0.731909611086 
0.736643494542 
0.727195390369 
0.739533929365 
0.731620370753 
0.733889649452 
0.736708970321 
0.748812344825 
0.738592450098 
0.730004338674 
0.731857014083 
0.728830465973 
0.726566676503 
0.729650148213 
0.811789916846 
0.748990076521 
0.73608130935 
0.763090844342 
0.804920244536 
0.737993673174 
0.745290123025 
0.729150428271 
0.730271432218 
0.741993785723 
0.734451313514 
0.732944610488 
0.732642843003 
0.736720032514 
0.732761820769 
0.734125109084 
0.741598429436 
0.742404835639 
0.727786690347 
0.741713786323 
0.750821068955 
0.729835527555 
0.734491750782 
0.731666586589 
0.737904307228 
0.732495894234 
0.731761409957 
0.734359717436 
0.733704025026 
0.732006137066 
0.729282709296 
0.738103633601 
0.726687161445 
0.735840891995 
0.732174702368 
0.744321378772 
0.742720456037 
0.741947128487 
0.737438779181 
0.743590816091 
0.730792310967 
0.733038189722 
0.732801496378 
0.736316303475 
0.734550442531 
0.734416349522 
0.745294587109 
0.73865080333 
0.732243570762 
0.730440065999 
0.790039272428 
0.740312382875 
0.73072190249 
0.748493315799 
0.730283211491 
0.730365775371 
0.729407944628 
0.731835280778 
0.737339379961 
0.735121154801 
0.73215438178 
0.739035271364 
0.731847729167 
0.74258560003 
0.738191660675 
0.731314017333 
0.731667349536 
0.736516301026 
0.729109340365 
0.733492419082 
0.735683792356 
0.733289377168 
0.737372108081 
0.731027210867 
0.734635528477 
0.766013340549 
0.74287130973 
0.732769388729 
0.736225797997 
0.730771918375 
0.744637565872 
0.742579338226 
0.730823449214 
0.741018940323 
0.737479046271 
0.728009325072 
0.731297427823 
0.730129482729 
0.731623428645 
0.763966868961 
0.726504770964 
0.733397574504 
0.733768823392 
0.733929828162 
0.770994850943 
0.735025697555 
0.730098944218 
0.731382523283 
0.727769960568 
0.733592900608 
0.73128815763 
0.732284356178 
0.729586840557 
0.7298409468 
0.733138554944 
0.733406002566 
0.734762636008 
0.731102570371 
0.744139268483 
0.755120724616 
0.789899044101 
0.73404685476 
0.731906145708 
0.741033204831 
0.734798383847 
0.736151988426 
0.733631727618 
0.739728027621 
0.749036771473 
0.732463317288 
0.734683374017 
0.731921294556 
0.732284118074 
0.729369393879 
0.731625126673 
0.727633375156 
0.730990413328 
0.823642441547 
0.738156071061 
0.730094618186 
0.733164471565 
0.730407818499 
0.739490231251 
0.733028028463 
0.76043442103 
0.746882881382 
0.733098142838 
0.732942216185 
0.733690864371 
0.738985483333 
0.738540711279 
0.739717777257 
0.755080598788 
0.74150627342 
0.747950049751 
0.731946241667 
0.736341847611 
0.739766818295 
0.733959001607 
0.749287845077 
0.74436031369 
0.733325523199 
0.764854856037 
0.730853903272 
0.743875421361 
0.749552216523 
0.741184910097 
0.768864166087 
0.73696727062 
0.741619173744 
0.736646650787 
0.749860006796 
0.729747651482 
0.728327527979 
0.745950617282 
0.734819733297 
0.746388240827 
0.734252709052 
0.751826690064 
0.729192743895 
0.742441476249 
0.734353034015 
0.73469185808 
0.762022125013 
0.752561809869 
0.735158142207 
0.7548955518 
0.742511123921 
0.727946535214 
0.731487006529 
0.738981198482 
0.740110726218 
0.73150250556 
0.744842686855 
0.740193533532 
0.761372779191 
0.738096589097 
0.751247482801 
0.742906296593 
0.72669701697 
0.727351153518 
0.744605080816 
0.733216876369 
0.738201697762 
0.894672787919 
0.733727726322 
0.730180956086 
0.872350749284 
0.734285544963 
0.734334404614 
0.748314340118 
0.734043376655 
0.728312818214 
0.738434336564 
0.727902062196 
0.7509426432 
0.802945507513 
0.733195456437 
0.756756883662 
0.730804127517 
0.727467467506 
0.734557423091 
0.73096917349 
0.826707005932 
0.753832509213 
0.754436562913 
0.737383959951 
0.736155433558 
0.73192003554 
0.735839667362 
0.742024274303 
0.847232596679 
0.741686932847 
0.739010406337 
0.783214047477 
0.741637113447 
0.729550325063 
0.736518705172 
0.729230986136 
0.733423677442 
0.736784670584 
0.732391252136 
0.727271950962 
0.731424744646 
0.731970370231 
0.73361504326 
0.741370310666 
0.72997200125 
0.731307741887 
0.726561082369 
0.729293545708 
0.732872550039 
0.748053887136 
0.73446378378 
0.730444017138 
0.747866212546 
0.733775338421 
0.73861105371 
0.740240939836 
0.739492932507 
0.749457957995 
0.728905919638 
0.749370793105 
0.737856876654 
0.739222507354 
0.739675885033 
0.736302419215 
0.730695924703 
0.73425373524 
0.739557413064 
0.739417561184 
0.761473230387 
0.73086589089 
0.73471219563 
0.741902727395 
0.731948544501 
0.750258497491 
0.72977192845 
0.733191315198 
0.727923275595 
0.736085307013 
0.73465965904 
0.759917475382 
0.73891851068 
0.745939520967 
0.730162232432 
0.73159339404 
0.743242881782 
0.73284042412 
0.729137143639 
0.726185973172 
0.734822154839 
0.731573958648 
0.732533096981 
0.730476504959 
0.736503600838 
0.734328382204 
0.750968620764 
0.745942478809 
0.735306571771 
0.729375800999 
0.736857241508 
0.737766475959 
0.733181374735 
0.730744108773 
0.728512983989 
0.0 
0.0 
0.0 
0.0 
0.0 
0.0 
0.0 
0.0 
0.0 
0.0 
0.0 
0.0 
0.0 
0.0 
0.0 
0.0 
0.0 
0.0 
0.0 
0.0 
0.0 
0.0 
0.0 
0.0 
0.0 
0.0 
0.0 
0.0 
0.0 
0.0 
0.0 
0.0 
0.0 
0.0 
0.0 
0.0 
0.0 
0.0 
0.0 
0.0 
0.0 
0.0 
0.0 
0.0 
0.0 
0.0 
0.0 
0.0 
0.0 
0.0 
0.0 
0.0 
0.0 
0.0 
0.0 
0.0 
0.0 
0.0 
0.0 
0.0 
0.0 
0.0 
0.0 
0.0 
0.0 
0.0 
0.0 
0.0 
0.0 
0.0 
0.0 
0.0 
0.0 
0.0 
0.0 
0.0 
0.0 
0.0 
0.0 
0.0 
0.0 
0.0 
0.0 
0.0 
0.0 
0.0 
0.0 
0.0 
0.0 
0.0 
0.0 
0.0 
0.0 
0.0 
0.0 
0.0 
0.0 
0.0 
0.0 
0.0 
0.0 
0.0 
0.0 
0.0 
0.0 
0.0 
0.0 
0.0 
0.0 
0.0 
0.0 
0.0 
0.0 
0.0 
0.0 
0.0 
0.0 
0.0 
0.0 
0.0 
0.0 
0.0 
0.0 
0.0 
0.0 
0.0 
0.0 
0.0 
0.0 
0.0 
0.0 
0.0 
0.0 
0.0 
0.0 
0.0 
0.0 
0.0 
0.0 
0.0 
0.0 
0.0 
0.0 
0.0 
0.0 
0.0 
0.0 
0.0 
0.0 
0.0 
0.0 
0.0 
0.0 
0.0 
0.0 
0.0 
0.0 
0.0 
0.0 
0.0 
0.0 
0.0 
0.0 
0.0 
0.0 
0.0 
0.0 
0.0 
0.0 
0.0 
0.0 
0.0 
0.0 
0.0 
0.0 
0.0 
0.0 
0.0 
0.0 
0.0 
0.0 
0.0 
0.0 
0.0 
0.0 
0.0 
0.0 
0.0 
0.0 
0.0 
0.0 
0.0 
0.0 
0.0 
0.0 
0.0 
0.0 
0.0 
0.0 
0.0 
0.0 
0.0 
0.0 
0.0 
0.0 
0.0 
0.0 
0.0 
0.0 
0.0 
0.0 
0.0 
0.0 
0.0 
0.0 
0.0 
0.0 
0.0 
0.0 
0.0 
0.0 
0.0 
0.0 
0.0 
0.0 
0.0 
0.0 
0.0 
0.0 
0.0 
0.0 
0.0 
0.0 
0.0 
0.0 
0.0 
0.0 
0.0 
0.0 
0.0 
0.0 
0.0 
0.0 
0.0 
0.0 
0.0 
0.0 
0.0 
0.0 
0.0 
0.0 
0.0 
0.0 
0.0 
0.0 
0.0 
0.0 
0.0 
0.0 
0.0 
0.0 
0.0 
0.0 
0.0 
0.0 
0.0 
0.0 
0.0 
0.0 
0.0 
0.0 
0.0 
0.0 
0.0 
0.0 
0.0 
0.0 
0.0 
0.0 
0.0 
0.0 
0.0 
0.0 
0.0 
0.0 
0.0 
0.0 
0.0 
0.0 
0.0 
0.0 
0.0 
0.0 
0.0 
0.0 
0.0 
0.0 
0.0 
0.0 
0.0 
0.0 
0.0 
0.0 
0.0 
0.0 
0.0 
0.0 
0.0 
0.0 
0.0 
0.0 
0.0 
0.0 
0.0 
0.0 
0.0 
0.0 
0.0 
0.0 
0.0 
0.0 
0.0 
0.0 
0.0 
0.0 
0.0 
0.0 
0.0 
0.0 
0.0 
0.0 
0.0 
0.0 
0.0 
0.0 
0.0 
0.0 
0.0 
0.0 
0.0 
0.0 
0.0 
0.0 
0.0 
0.0 
0.0 
0.0 
0.0 
0.0 
0.0 
0.0 
0.0 
0.0 
0.0 
0.0 
0.0 
0.0 
0.0 
0.0 
0.0 
0.0 
0.0 
0.0 
0.0 
0.0 
0.0 
0.0 
0.0 
0.0 
0.0 
0.0 
0.0 
0.0 
0.0 
0.0 
0.0 
0.0 
0.0 
0.0 
0.0 
0.0 
0.0 
0.0 
0.0 
0.0 
0.0 
0.0 
0.0 
0.0 
0.0 
0.0 
0.0 
0.0 
0.0 
0.0 
0.0 
0.0 
0.0 
0.0 
0.0 
0.0 
0.0 
0.0 
0.0 
0.0 
0.0 
0.0 
0.0 
0.0 
0.0 
0.0 
0.0 
0.0 
0.0 
0.0 
0.0 
0.0 
0.0 
0.0 
0.0 
0.0 
0.0 
0.0 
0.0 
0.0 
0.0 
0.0 
0.0 
0.0 
0.0 
0.0 
0.0 
0.0 
0.0 
0.0 
0.0 
0.0 
0.0 
0.0 
0.0 
0.0 
