0.761610292387
0.283691668631
0.283691668631
0.413335515415
0.49934463763
0.157395840888
-0.227398569091
0.155886782737
1.03064267339
0.543125877979
1.35316081692
-0.305283989368
0.49934463763
-0.227398569091
0.157395840888
0.155886782737
0.62900145307
-1.6517757084
-1.6517757084
1.7914348717
-1.18609195454
0.210958500803
-0.701590907318
-0.895315461238
1.03064267339
1.35316081692
0.543125877979
-0.305283989368
-1.18609195454
-0.701590907318
0.210958500803
-0.895315461238
0.386267907561
-0.202976258169
-0.202976258169
0.762511719246
